              precision    recall  f1-score   support

           0     0.8966    0.4333    0.5843        60
           1     0.9336    0.8792    0.9056       720
          10     0.9895    0.9970    0.9932       660
          11     0.8715    0.9690    0.9177       420
          12     0.9910    0.9565    0.9735       690
          13     0.9648    0.9903    0.9774       720
          14     0.9408    1.0000    0.9695       270
          15     1.0000    0.9905    0.9952       210
          16     0.9932    0.9800    0.9866       150
          17     1.0000    0.9361    0.9670       360
          18     0.9783    0.9256    0.9513       390
          19     0.5474    0.8667    0.6710        60
           2     0.8216    0.8907    0.8548       750
          20     0.7955    0.3889    0.5224        90
          21     0.7339    0.8889    0.8040        90
          22     1.0000    0.7583    0.8626       120
          23     0.7368    0.9333    0.8235       150
          24     0.9756    0.8889    0.9302        90
          25     0.8943    0.8812    0.8877       480
          26     0.9558    0.9611    0.9584       180
          27     0.5370    0.4833    0.5088        60
          28     0.7377    0.9000    0.8108       150
          29     0.7600    0.8444    0.8000        90
           3     0.8993    0.8333    0.8651       450
          30     0.9579    0.6067    0.7429       150
          31     0.9962    0.9778    0.9869       270
          32     1.0000    1.0000    1.0000        60
          33     0.9271    0.8476    0.8856       210
          34     0.6741    0.7583    0.7137       120
          35     0.9140    0.9538    0.9335       390
          36     0.5860    0.7667    0.6643       120
          37     0.0385    0.0167    0.0233        60
          38     0.9386    0.9754    0.9566       690
          39     0.9048    0.6333    0.7451        90
           4     0.9259    0.9470    0.9363       660
          40     0.8721    0.8333    0.8523        90
          41     0.6962    0.9167    0.7914        60
          42     0.9000    0.7000    0.7875        90
           5     0.8328    0.8540    0.8433       630
           6     0.9928    0.9133    0.9514       150
           7     0.9539    0.9667    0.9603       450
           8     0.8824    0.9000    0.8911       450
           9     0.9958    0.9938    0.9948       480

    accuracy                         0.9078     12630
   macro avg     0.8591    0.8404    0.8414     12630
weighted avg     0.9103    0.9078    0.9061     12630
