              precision    recall  f1-score   support

           0     0.9672    0.9833    0.9752        60
           1     0.9689    0.9958    0.9822       720
          10     1.0000    0.9894    0.9947       660
          11     0.9287    0.9929    0.9597       420
          12     0.9803    0.9362    0.9577       690
          13     0.9958    0.9958    0.9958       720
          14     0.9890    0.9963    0.9926       270
          15     0.8824    1.0000    0.9375       210
          16     0.9091    1.0000    0.9524       150
          17     1.0000    0.9167    0.9565       360
          18     0.9947    0.9615    0.9778       390
          19     0.9836    1.0000    0.9917        60
           2     0.9960    0.9933    0.9947       750
          20     0.8333    1.0000    0.9091        90
          21     0.9683    0.6778    0.7974        90
          22     1.0000    0.7500    0.8571       120
          23     1.0000    0.9467    0.9726       150
          24     1.0000    0.9444    0.9714        90
          25     0.9473    0.9729    0.9599       480
          26     0.9765    0.9222    0.9486       180
          27     0.9608    0.8167    0.8829        60
          28     0.9241    0.9733    0.9481       150
          29     0.9783    1.0000    0.9890        90
           3     0.9901    0.8867    0.9355       450
          30     0.9583    0.9200    0.9388       150
          31     0.9343    1.0000    0.9660       270
          32     0.9231    1.0000    0.9600        60
          33     0.9587    0.9952    0.9766       210
          34     0.9754    0.9917    0.9835       120
          35     0.9973    0.9641    0.9804       390
          36     0.9520    0.9917    0.9714       120
          37     0.9524    1.0000    0.9756        60
          38     0.9745    0.9986    0.9864       690
          39     0.9355    0.9667    0.9508        90
           4     1.0000    0.9833    0.9916       660
          40     0.8878    0.9667    0.9255        90
          41     1.0000    0.9500    0.9744        60
          42     0.9886    0.9667    0.9775        90
           5     0.9204    0.9730    0.9460       630
           6     0.9786    0.9133    0.9448       150
           7     0.9780    0.9867    0.9823       450
           8     0.9717    0.9933    0.9824       450
           9     0.9856    1.0000    0.9928       480

    accuracy                         0.9708     12630
   macro avg     0.9639    0.9584    0.9592     12630
weighted avg     0.9720    0.9708    0.9705     12630
