              precision    recall  f1-score   support

           0     1.0000    0.9667    0.9831        60
           1     0.9728    0.9931    0.9828       720
          10     1.0000    0.9894    0.9947       660
          11     0.9348    0.9905    0.9618       420
          12     0.9847    0.9319    0.9576       690
          13     0.9972    0.9931    0.9951       720
          14     0.9890    0.9963    0.9926       270
          15     0.8750    1.0000    0.9333       210
          16     0.9146    1.0000    0.9554       150
          17     1.0000    0.9194    0.9580       360
          18     0.9947    0.9615    0.9778       390
          19     1.0000    1.0000    1.0000        60
           2     0.9933    0.9920    0.9927       750
          20     0.8411    1.0000    0.9137        90
          21     0.9545    0.7000    0.8077        90
          22     1.0000    0.7417    0.8517       120
          23     1.0000    0.9267    0.9619       150
          24     1.0000    0.9444    0.9714        90
          25     0.9415    0.9729    0.9570       480
          26     0.9766    0.9278    0.9516       180
          27     0.9574    0.7500    0.8411        60
          28     0.9012    0.9733    0.9359       150
          29     0.9783    1.0000    0.9890        90
           3     0.9901    0.8867    0.9355       450
          30     0.9456    0.9267    0.9360       150
          31     0.9278    1.0000    0.9626       270
          32     0.9231    1.0000    0.9600        60
          33     0.9631    0.9952    0.9789       210
          34     0.9675    0.9917    0.9794       120
          35     0.9947    0.9615    0.9778       390
          36     0.9593    0.9833    0.9712       120
          37     0.9524    1.0000    0.9756        60
          38     0.9691    0.9986    0.9836       690
          39     0.9462    0.9778    0.9617        90
           4     0.9985    0.9818    0.9901       660
          40     0.8529    0.9667    0.9062        90
          41     1.0000    0.9500    0.9744        60
          42     0.9886    0.9667    0.9775        90
           5     0.9190    0.9730    0.9453       630
           6     0.9787    0.9200    0.9485       150
           7     0.9737    0.9867    0.9801       450
           8     0.9696    0.9933    0.9813       450
           9     0.9836    1.0000    0.9917       480

    accuracy                         0.9697     12630
   macro avg     0.9630    0.9565    0.9578     12630
weighted avg     0.9710    0.9697    0.9694     12630
